4294967278,260
4294967278,19
4294967278,18
4294967278,17
4294967278,16
4294967278,15
4294967278,14
4294967278,13
4294967278,12
4294967278,11
4294967279,454
4294967279,24
4294967279,22
4294967279,21
4294967279,20
4294967279,19
4294967279,18
4294967279,15
4294967279,13
4294967279,11
4294967279,438
4294967278,350
4294967279,408
4294967279,448
4294967278,380
183,6
183,5
183,4
183,3
183,2
183,1
4294967294,1428
4294967294,1427
4294967294,390
4294967279,480
4294967279,411
4294967278,308
4294967278,305
4294967278,343
180,6
180,5
180,4
180,3
180,2
180,1
4294967294,413
4294967294,407
4294967294,168
4294967294,384
4294967294,1078
4294967294,386
4294967294,405
4294967294,466
4294967278,169
4294967278,302
4294967279,299
4294967278,163
4294967279,452
4294967279,297
4294967278,155
4294967278,154
4294967278,153
4294967278,152
177,5
177,4
177,3
177,2
177,1
4294967279,146
4294967278,292
4294967279,145
4294967278,388
4294967279,141
175,6
4294967279,479
175,5
4294967279,290
175,4
175,3
175,2
175,1
4294967279,272
4294967278,268
4294967279,270
4294967294,1087
4294967294,1073
4294967294,1153
4294967294,182
4294967278,287
4294967279,478
173,6
4294967294,478
4294967279,450
4294967278,262
173,5
4294967279,477
173,4
173,3
173,2
173,1
4294967279,476
4294967278,327
4294967279,385
4294967278,325
172,5
4294967279,319
172,4
172,3
172,2
172,1
4294967278,321
4294967278,356
171,4
171,3
171,2
171,1
4294967279,252
4294967279,245
4294967278,348
4294967278,332
4294967278,275
4294967279,260
4294967279,293
4294967279,449
4294967279,441
4294967279,232
170,6
170,5
170,4
170,2
170,1
4294967279,475
4294967278,317
4294967279,316
4294967294,421
4294967294,178
4294967294,385
4294967294,1242
4294967294,183
4294967294,461
4294967294,448
4294967294,450
4294967294,465
4294967294,416
4294967279,474
4294967278,387
4294967278,312
4294967278,369
4294967279,473
167,6
167,5
167,4
167,3
167,2
167,1
4294967278,385
4294967279,307
4294967294,388
4294967279,436
4294967294,1159
4294967294,1155
4294967294,173
4294967294,163
4294967294,120
4294967279,169
4294967279,166
164,5
4294967278,164
164,4
164,3
164,2
164,1
4294967279,161
4294967278,413
4294967278,298
162,6
4294967278,297
4294967294,37
4294967294,36
4294967294,39
4294967294,89
4294967279,148
162,5
162,4
162,2
162,1
4294967279,142
4294967294,1244
4294967294,441
4294967294,114
4294967278,138
160,6
4294967294,1068
4294967278,412
160,5
160,4
160,3
160,2
160,1
4294967294,471
4294967294,1160
159,5
4294967279,271
4294967278,282
159,4
159,3
159,2
159,1
4294967279,269
4294967294,17
4294967294,99
4294967294,76
4294967278,280
4294967279,266
4294967278,263
158,4
158,3
158,2
158,1
0,7
4294967294,1
4294967294,426
4294967294,29
4294967294,1072
4294967294,438
4294967294,186
4294967294,0
4294967294,5
4294967294,392
4294967294,45
4294967294,44
4294967294,402
4294967294,397
4294967294,418
4294967294,460
4294967278,359
4294967294,46
4294967294,2
4294967279,261
4294967278,286
4294967294,41
4294967294,42
4294967278,358
4294967294,419
4294967294,51
4294967294,393
4294967294,107
4294967294,50
4294967294,92
4294967294,91
4294967294,90
4294967294,87
4294967294,86
4294967294,85
4294967294,84
4294967294,1249
4294967294,1247
4294967294,28
4294967294,1246
4294967294,1086
4294967294,1426
4294967294,27
4294967294,53
4294967294,52
4294967294,43
4294967294,40
4294967294,38
4294967294,417
4294967294,96
4294967294,94
4294967294,9
4294967294,8
4294967294,7
4294967294,22
4294967294,93
4294967294,95
4294967294,88
4294967294,81
4294967294,1163
4294967294,11
4294967294,68
4294967278,132
4294967278,131
4294967278,130
4294967278,129
4294967278,128
4294967278,127
4294967278,126
4294967278,125
4294967278,124
4294967278,123
4294967278,122
4294967278,121
4294967278,120
4294967278,119
4294967278,118
4294967278,117
4294967278,116
4294967278,115
4294967278,114
4294967278,113
4294967278,112
4294967278,111
4294967278,110
4294967278,109
4294967278,227
4294967278,108
4294967278,107
4294967278,106
4294967278,105
4294967278,104
4294967278,103
4294967278,102
4294967278,101
4294967278,100
4294967278,99
4294967278,98
4294967278,97
4294967278,96
4294967278,95
4294967278,94
4294967278,93
4294967278,92
4294967278,91
4294967278,90
4294967278,89
4294967278,87
4294967278,86
4294967278,85
4294967278,84
4294967278,83
4294967278,82
4294967278,81
4294967278,80
4294967278,74
4294967278,72
4294967278,71
4294967278,70
4294967278,69
4294967278,65
4294967278,63
4294967278,61
4294967278,60
4294967278,59
4294967278,58
4294967278,55
4294967278,53
4294967278,52
4294967278,51
4294967278,50
4294967278,49
4294967278,48
4294967278,47
4294967278,46
4294967278,44
4294967278,41
4294967278,39
4294967278,38
4294967279,23
4294967279,17
4294967279,10
4294967279,9
4294967278,357
4294967279,256
4294967279,442
4294967279,415
4294967278,355
4294967279,250
157,6
157,5
157,4
157,2
157,1
4294967278,231
4294967279,472
4294967278,411
4294967279,228
4294967279,229
4294967279,226
4294967279,440
4294967279,216
4294967279,211
4294967278,382
4294967279,314
154,6
154,5
154,4
154,3
154,2
154,1
4294967278,79
4294967278,78
4294967278,77
4294967278,76
4294967278,75
4294967278,73
4294967278,68
4294967278,67
4294967278,384
4294967278,66
4294967278,64
4294967278,62
4294967278,57
4294967278,45
4294967278,43
4294967278,42
4294967278,37
4294967279,308
4294967279,445
4294967279,444
4294967278,186
4294967279,471
4294967294,67
4294967294,25
4294967279,181
4294967279,470
151,5
151,4
151,3
151,2
151,1
4294967279,172
4294967294,26
4294967279,469
4294967278,54
4294967294,82
4294967294,83
4294967278,410
4294967278,56
4294967278,376
149,6
4294967278,409
4294967279,165
4294967279,163
4294967278,159
4294967279,160
149,5
4294967279,159
149,4
149,2
149,1
4294967279,154
4294967279,153
4294967278,408
4294967278,40
4294967279,295
4294967279,294
147,6
4294967278,146
4294967279,147
147,5
147,4
4294967279,144
147,3
147,2
147,1
4294967278,143
4294967294,477
4294967279,143
4294967278,142
4294967279,140
146,5
146,4
4294967278,276
146,3
146,2
146,1
4294967294,456
4294967278,136
4294967279,468
145,4
4294967279,291
145,3
145,2
145,1
4294967278,407
4294967279,283
4294967278,406
4294967279,467
4294967278,283
4294967279,16
4294967278,328
4294967278,405
4294967279,262
4294967279,281
4294967278,364
4294967278,323
4294967278,256
4294967278,322
4294967279,318
4294967278,320
4294967279,255
144,6
144,5
4294967279,317
144,4
144,2
144,1
4294967278,354
4294967279,251
4294967278,404
4294967279,249
4294967279,413
4294967278,246
4294967278,294
4294967279,241
4294967279,238
4294967278,403
4294967279,231
4294967279,230
4294967279,222
4294967278,220
4294967278,216
4294967279,280
4294967279,212
141,6
141,5
141,4
141,3
141,2
141,1
4294967278,402
4294967279,315
4294967278,401
4294967279,202
